2000 1000
198 200029
178 182664
111 114616
145 153472
142 143721
118 122372
114 119988
139 146401
181 183254
189 197208
114 123591
181 181204
153 153162
177 184615
160 161165
185 187348
195 196249
110 115340
141 146360
195 197490
167 174060
108 113031
173 182953
119 126699
178 186404
106 107570
102 110371
102 104159
135 140542
194 200211
123 130041
103 108657
194 195325
115 124036
124 127391
157 159162
182 184792
168 174241
136 141698
185 187154
199 206688
110 115938
112 121948
183 192685
108 109693
192 192637
145 154026
172 179288
157 166171
184 193577
161 165529
134 136282
133 135672
165 171872
155 162565
126 133267
103 103863
138 138267
100 109083
179 185888
175 179280
156 160175
199 199824
190 192303
145 145155
140 149958
141 150966
170 178196
115 120155
148 155052
188 192795
182 188416
194 195192
191 197040
121 129597
118 125839
101 101905
119 119301
180 188657
141 143624
102 110806
198 199427
156 165915
186 191186
111 118414
136 145608
101 101296
164 173388
185 191412
116 118268
188 193423
115 118965
185 186761
197 206082
157 160516
198 202783
150 152403
125 129577
148 157300
160 161304
145 152276
164 165813
114 118190
168 169162
146 152842
167 167884
168 173252
122 127113
113 117543
173 180919
183 185515
100 109839
160 161521
167 170878
103 104065
185 186871
107 111476
139 146137
138 147084
146 148536
166 172079
194 194698
183 187723
150 152474
174 177394
117 125765
107 116550
126 128667
165 169661
112 112522
142 144078
129 132934
164 167958
183 190740
141 150612
186 186479
104 111840
151 151898
183 184084
196 205265
134 134597
160 161873
116 116288
183 189246
118 119426
158 166642
174 182029
114 119128
143 144135
133 133707
145 149053
104 107654
185 185071
172 173291
134 135962
198 199586
186 188364
177 178832
154 161692
159 162296
176 178397
139 143839
121 124802
166 175696
101 107271
194 196395
145 145274
124 127668
196 199447
102 103635
198 205724
120 128280
153 156360
198 200255
142 143888
161 167102
149 151875
168 169148
195 195862
174 178839
178 185221
152 161097
156 157484
101 109143
195 195862
166 166719
161 167644
161 165761
126 130293
135 143438
172 175570
183 191074
184 185222
153 160709
148 152511
155 164674
113 114464
186 191505
106 108136
121 129343
154 155793
189 194618
171 177208
157 162210
188 196923
142 143802
122 125949
102 102135
141 150204
131 134394
145 147151
194 201360
187 196459
133 139640
157 166523
113 114340
156 157053
106 109927
163 166788
175 176467
198 204810
187 196895
122 129505
155 161068
171 180897
145 145764
120 129062
109 113271
179 179201
185 186423
104 109220
116 119744
129 137377
111 112248
139 140923
178 180050
137 146675
164 172267
108 116618
144 152265
109 109337
100 109477
172 172560
172 172904
169 174419
107 116732
151 155961
183 184077
176 178297
171 175620
127 133849
146 149618
195 197908
148 151764
175 181162
190 194444
195 195496
101 108776
180 189538
163 166281
121 125369
131 134253
125 126975
166 169829
153 156694
173 174275
169 175909
172 172771
159 163682
127 133459
148 155693
103 106915
177 179950
173 180632
175 176370
193 194609
127 135634
122 123396
156 159115
157 157567
159 165576
137 138906
111 113550
132 132150
154 163826
114 123987
109 115898
155 159155
106 112501
185 186726
140 144615
143 145081
160 169899
127 134451
166 171774
138 145941
175 182732
141 147831
165 173226
174 176232
190 194805
152 155494
127 129421
103 106697
103 110552
143 144132
187 189444
127 127045
132 136209
154 157179
151 155202
164 166003
196 197188
129 133825
163 164190
151 157010
143 145688
158 162072
146 153805
124 130413
108 117305
171 171962
133 140186
152 159919
158 167745
199 204824
133 138304
146 155594
122 131282
160 161567
130 134584
176 184098
143 149599
165 174067
163 170488
134 141654
158 166710
141 148519
111 119621
101 101763
122 129507
137 140619
185 190605
198 204197
173 179199
161 165594
198 203670
148 153660
191 192567
193 193123
172 173320
127 129509
187 196112
118 121786
156 164297
129 134117
155 164543
128 136280
163 170289
118 123741
111 113391
180 188073
184 193650
157 166376
119 121498
180 188980
161 170102
138 139105
182 184994
197 201649
153 160285
194 201378
188 190560
127 127193
147 154913
121 122647
117 126454
128 134848
130 131208
190 192085
198 206414
186 186151
193 198373
151 155936
142 144060
162 164351
196 204928
136 140173
188 196949
199 207526
123 131922
184 190623
179 181288
115 115992
128 130342
121 121621
143 152417
107 116533
119 120232
160 164617
106 108463
102 103592
159 159029
195 202020
101 109481
160 161186
189 191002
159 161086
184 190848
139 148639
146 147878
124 124401
107 110638
115 115887
169 177286
102 110288
116 119530
111 111690
119 123009
151 151770
166 167876
185 192216
188 197129
151 151548
168 168051
158 167743
118 122866
192 194558
112 117872
117 120344
159 160542
177 185240
186 190728
152 154332
175 183666
135 138152
100 104879
160 167626
156 162005
177 177957
177 184218
142 142627
192 198186
112 113215
152 157805
148 152126
131 139272
104 104864
138 138021
145 145160
143 150569
147 153017
102 102569
119 120314
189 192217
187 188330
168 172566
138 147046
164 169058
118 126879
108 110459
182 187123
172 172015
134 140472
142 144441
173 180478
116 124733
115 124915
130 132296
162 170376
114 114641
173 182573
105 112525
158 161680
159 162159
121 128972
105 110027
108 117053
193 194995
169 178360
155 156744
193 202579
190 194461
161 165076
176 177065
183 183906
150 150483
147 147011
199 203170
177 181105
105 111155
188 190239
193 202254
148 148771
128 131681
181 190194
160 164286
196 203313
182 183540
140 140573
190 194366
149 150502
170 177823
184 188454
152 158859
157 157764
126 129692
189 190182
192 197331
189 190622
165 165981
160 166593
103 112370
112 113997
178 180044
164 165216
164 164988
161 161487
166 166857
152 155400
159 163191
105 106595
148 150222
121 127938
125 132980
180 185981
102 104626
157 158365
137 139225
180 183387
171 174688
144 145212
189 198880
130 139559
166 166877
130 136491
192 197213
143 150116
171 179832
121 124017
172 177730
182 187514
164 170973
160 161973
183 190712
119 124753
116 116278
113 119978
142 144152
101 102460
157 158410
116 124203
126 131376
103 104347
144 149774
169 176345
105 112410
147 156525
132 134739
112 112651
146 148681
158 167769
185 187980
174 181102
170 171051
118 118224
121 125856
158 164638
157 166654
175 179462
163 170938
198 200995
135 140527
168 176424
102 104090
141 147643
119 126814
176 182983
105 107126
147 147976
192 194076
187 189726
160 161887
160 160400
178 183006
123 128807
171 173817
196 200393
148 154651
158 165781
194 203429
165 166908
137 141796
152 153551
101 109453
146 148624
133 135594
178 183014
156 157928
128 136976
140 143696
106 110943
142 149468
100 100963
171 172018
120 128523
111 120166
144 147785
133 135356
107 113966
199 205571
151 154999
193 197213
136 140328
191 195630
140 147558
171 174749
119 123972
149 155855
169 178017
130 130922
133 133069
164 165598
108 112875
107 113496
156 163082
108 117114
123 123923
148 153864
190 198120
169 169554
146 150685
160 168140
129 136777
154 162659
134 140803
109 111616
158 158649
140 145750
135 141298
101 109199
104 106683
103 107034
127 133463
194 196086
119 120844
157 165760
174 180343
144 150986
115 123640
169 176696
197 197015
143 146703
113 116184
179 187853
151 158001
110 119722
137 142822
132 137928
116 121775
171 173411
137 145616
152 159238
139 145796
158 160344
144 152989
134 140046
107 112410
125 126513
165 166033
113 114524
109 117558
145 147191
157 159589
103 105407
128 132682
145 147354
107 110607
117 119612
119 124501
147 156425
161 164496
144 148031
154 156769
140 147912
135 138730
117 118602
156 161133
169 178077
118 124989
126 135837
111 111565
164 165758
177 181665
161 161531
178 180266
130 130626
168 169199
192 197107
158 165910
148 149501
120 120800
142 147340
116 121576
182 191685
119 126777
150 152061
117 118188
141 146194
170 172118
188 196355
151 155005
105 108709
141 146340
127 129660
174 176362
132 133955
160 162321
136 141187
119 124303
110 111239
128 134554
157 157586
171 173626
102 102056
115 117700
169 171163
139 148296
106 109537
195 200366
186 190034
180 182887
165 165783
114 118877
193 202827
178 186314
185 192499
177 179799
143 151876
142 148250
174 180469
102 105209
120 122192
166 167170
139 144282
127 136033
159 164982
101 101451
121 124139
130 137090
115 122165
119 124975
161 166455
178 186915
197 204303
140 141046
117 119871
150 151983
141 150945
115 117876
131 133088
149 153240
161 163913
190 198191
168 174447
186 194989
184 184176
193 199026
109 114240
179 188950
107 109257
194 195867
132 139059
160 162007
169 175560
118 121283
192 195571
199 199390
108 108687
143 143227
169 177753
160 167874
188 192507
169 174918
170 172309
197 200785
109 118981
121 123957
158 165951
152 158694
177 185968
182 187121
194 198346
134 138195
178 178689
174 174639
153 160558
114 119159
142 145498
175 175231
160 169165
174 174247
161 161865
198 198033
170 171121
102 106901
104 111349
184 192752
157 163688
150 156768
197 199281
183 189678
154 156165
164 164037
150 157397
141 143860
138 141375
129 133733
135 141813
126 131857
143 149719
152 152502
136 138844
129 131790
193 193210
155 156691
158 162765
126 126350
139 142584
121 122751
149 153259
146 146197
123 125151
131 134497
188 197831
178 179326
160 162039
165 172480
109 111192
135 144031
108 113767
115 119149
140 145834
134 142639
161 163911
134 135852
154 163985
159 160185
158 165927
164 165314
171 172318
132 132878
120 126795
123 124786
149 150817
146 147964
139 142594
124 124994
164 168611
145 152011
196 197122
184 188034
153 159082
196 198312
137 137611
147 153415
123 127737
169 177302
121 128562
120 123081
131 134325
147 150496
115 121294
152 158754
152 154018
183 191667
172 172582
131 138235
148 149947
141 141355
119 120663
158 167238
178 178062
172 172666
114 114193
168 172304
175 179961
182 186108
152 158595
121 123000
185 185057
172 176737
174 178825
131 140467
184 191923
185 185567
171 179722
128 131159
163 171804
145 153770
168 171998
117 125422
146 152277
140 144772
115 120844
173 182692
173 181118
124 124790
137 142332
167 173777
140 147139
128 129301
108 117968
100 100658
137 139101
146 151900
137 145238
103 103552
166 166054
138 146368
148 157734
190 198820
133 133270
197 201057
181 189555
176 179958
164 171234
141 145403
181 190541
125 128876
170 170683
157 157576
184 191525
120 129089
170 173252
127 136605
109 115113
184 188945
192 200999
177 186942
143 149340
137 140462
146 147856
178 187221
106 115446
116 120132
185 191788
131 133836
100 107067
170 176072
184 193024
140 145866
127 127251
198 205312
103 111638
104 112385
157 164214
145 153518
124 132228
118 120900
153 157892
138 138902
198 202866
189 189865
148 153346
142 147788
198 204876
154 160842
174 178040
189 198916
157 164808
154 155729
106 114405
176 182957
154 161308
190 198946
177 181870
106 107758
100 104249
179 182457
137 139491
112 115677
164 173858
142 145636
191 197135
154 156313
128 132694
178 187710
193 194627
134 139482
180 184821
198 198612
158 158799
151 156631
186 194397
123 131139
172 172718
137 139084
115 119837
108 112717
